0 42 0 0
0 15 0 0
0 57 0 0
0 84 0 0
0 153 0 0
0 138 0 0
0 131 0 0
0 130 0 0
0 105 0 0
0 102 0 0
0 101 0 0
0 100 0 0
0 85 0 0
0 64 0 0
0 54 0 0
1 106 1 0
1 152 1 1
1 77 1 0
1 6 1 0
1 51 1 1
1 143 1 1
1 69 1 0
1 38 1 1
1 14 1 1
1 15 1 0
1 30 1 1
1 99 1 0
1 21 1 1
1 60 1 0
1 84 1 0
2 89 2 2
2 145 2 2
2 95 2 2
2 13 2 2
2 142 2 2
2 45 2 2
2 119 2 2
2 26 2 2
2 68 2 2
2 55 2 2
2 151 2 2
2 76 2 2
2 7 2 2
2 18 2 2
2 135 2 2
3 112 3 3
3 148 3 3
3 35 3 3
3 166 3 3
3 58 3 3
3 158 3 3
3 46 3 3
3 167 3 3
3 10 3 3
3 24 3 3
3 91 3 3
3 164 3 3
3 120 3 3
3 116 3 3
3 92 3 3
4 126 3 3
4 11 3 3
4 94 3 3
4 147 3 3
4 155 3 3
4 87 3 3
4 156 3 3
4 129 3 3
4 90 3 3
4 35 3 3
4 148 3 3
4 164 3 3
4 80 3 3
4 81 3 3
4 58 3 3
5 23 3 3
5 24 3 3
5 46 3 3
5 92 3 3
5 109 3 3
5 158 3 3
5 111 3 3
5 116 3 3
5 13 3 2
5 66 3 3
5 62 3 3
5 10 3 3
5 166 3 3
5 43 3 3
5 137 3 3
6 57 0 0
6 42 0 0
6 69 0 0
6 86 0 0
6 64 0 0
6 131 0 0
6 77 0 0
6 33 0 0
6 138 0 0
6 54 0 0
6 85 0 0
6 102 0 0
6 117 0 0
6 130 0 0
6 84 0 0
7 164 2 3
7 46 2 3
7 90 2 3
7 10 2 3
7 58 2 3
7 116 2 3
7 142 2 2
7 135 2 2
7 55 2 2
7 68 2 2
7 18 2 2
7 2 2 2
7 119 2 2
7 47 2 3
7 89 2 2
8 31 4 4
8 27 4 4
8 20 4 4
8 97 4 4
8 98 4 4
8 59 4 4
8 50 4 4
8 113 4 4
8 162 4 1
8 163 4 4
8 123 4 4
8 124 4 4
8 39 4 1
8 70 4 0
8 96 4 4
9 58 3 3
9 116 3 3
9 35 3 3
9 94 3 3
9 155 3 3
9 148 3 3
9 91 3 3
9 88 3 3
9 129 3 3
9 61 3 3
9 164 3 3
9 111 3 3
9 115 3 3
9 167 3 3
9 112 3 3
10 81 3 3
10 156 3 3
10 167 3 3
10 109 3 3
10 164 3 3
10 24 3 3
10 112 3 3
10 35 3 3
10 58 3 3
10 116 3 3
10 92 3 3
10 46 3 3
10 43 3 3
10 120 3 3
10 158 3 3
11 47 3 3
11 35 3 3
11 80 3 3
11 126 3 3
11 4 3 3
11 136 3 3
11 120 3 3
11 10 3 3
11 87 3 3
11 156 3 3
11 81 3 3
11 165 3 3
11 125 3 3
11 58 3 3
11 90 3 3
12 44 0 0
12 100 0 0
12 154 0 0
12 53 0 0
12 157 0 0
12 79 0 0
12 32 0 0
12 28 0 0
12 105 0 0
12 106 0 0
12 104 0 0
12 19 0 4
12 17 0 0
12 146 0 0
12 72 0 0
13 142 2 2
13 109 2 3
13 137 2 3
13 145 2 2
13 18 2 2
13 45 2 2
13 159 2 3
13 151 2 2
13 66 2 3
13 68 2 2
13 76 2 2
13 23 2 3
13 55 2 2
13 135 2 2
13 26 2 2
14 33 1 0
14 162 1 1
14 38 1 1
14 6 1 0
14 102 1 0
14 1 1 1
14 29 1 1
14 77 1 0
14 117 1 0
14 152 1 1
14 21 1 1
14 60 1 0
14 69 1 0
14 30 1 1
14 51 1 1
15 105 0 0
15 64 0 0
15 6 0 0
15 130 0 0
15 42 0 0
15 138 0 0
15 84 0 0
15 153 0 0
15 104 0 0
15 102 0 0
15 101 0 0
15 86 0 0
15 85 0 0
15 54 0 0
15 0 0 0
16 33 0 0
16 102 0 0
16 49 0 0
16 86 0 0
16 105 0 0
16 42 0 0
16 44 0 0
16 161 0 0
16 54 0 0
16 52 0 0
16 85 0 0
16 56 0 0
16 131 0 0
16 140 0 0
16 67 0 0
17 59 0 4
17 105 0 0
17 146 0 0
17 122 0 4
17 123 0 4
17 121 0 0
17 78 0 0
17 19 0 4
17 161 0 0
17 100 0 0
17 157 0 0
17 154 0 0
17 44 0 0
17 72 0 0
17 168 0 5
18 22 2 2
18 23 2 3
18 145 2 2
18 95 2 2
18 142 2 2
18 45 2 2
18 13 2 2
18 68 2 2
18 135 2 2
18 55 2 2
18 119 2 2
18 76 2 2
18 26 2 2
18 2 2 2
18 151 2 2
19 105 4 0
19 161 4 0
19 12 4 0
19 53 4 0
19 107 4 0
19 146 4 0
19 122 4 4
19 168 4 5
19 17 4 0
19 157 4 0
19 154 4 0
19 32 4 0
19 44 4 0
19 121 4 0
19 72 4 0
20 139 4 2
20 18 4 2
20 145 4 2
20 151 4 2
20 98 4 4
20 95 4 2
20 97 4 4
20 26 4 2
20 163 4 4
20 162 4 1
20 108 4 2
20 83 4 4
20 39 4 1
20 31 4 4
20 124 4 4
21 33 1 0
21 6 1 0
21 117 1 0
21 39 1 1
21 38 1 1
21 60 1 0
21 14 1 1
21 69 1 0
21 152 1 1
21 162 1 1
21 51 1 1
21 29 1 1
21 77 1 0
21 30 1 1
21 143 1 1
22 66 2 3
22 95 2 2
22 145 2 2
22 23 2 3
22 18 2 2
22 67 2 0
22 55 2 2
22 45 2 2
22 13 2 2
22 159 2 3
22 142 2 2
22 151 2 2
22 76 2 2
22 135 2 2
22 26 2 2
23 18 3 2
23 137 3 3
23 135 3 2
23 68 3 2
23 145 3 2
23 43 3 3
23 142 3 2
23 159 3 3
23 151 3 2
23 26 3 2
23 55 3 2
23 13 3 2
23 66 3 3
23 109 3 3
23 76 3 2
24 23 3 3
24 3 3 3
24 137 3 3
24 109 3 3
24 10 3 3
24 158 3 3
24 43 3 3
24 116 3 3
24 120 3 3
24 66 3 3
24 5 3 3
24 92 3 3
24 166 3 3
24 46 3 3
24 111 3 3
25 32 0 0
25 154 0 0
25 84 0 0
25 72 0 0
25 17 0 0
25 121 0 0
25 44 0 0
25 6 0 0
25 161 0 0
25 105 0 0
25 117 0 0
25 157 0 0
25 138 0 0
25 100 0 0
25 144 0 0
26 139 2 2
26 22 2 2
26 2 2 2
26 68 2 2
26 13 2 2
26 18 2 2
26 151 2 2
26 23 2 3
26 142 2 2
26 76 2 2
26 95 2 2
26 55 2 2
26 135 2 2
26 45 2 2
26 145 2 2
27 75 4 5
27 146 4 0
27 8 4 4
27 50 4 4
27 93 4 4
27 122 4 4
27 113 4 4
27 97 4 4
27 70 4 0
27 98 4 4
27 96 4 4
27 123 4 4
27 59 4 4
27 78 4 0
27 150 4 0
28 107 0 0
28 105 0 0
28 121 0 0
28 122 0 4
28 106 0 0
28 32 0 0
28 146 0 0
28 44 0 0
28 72 0 0
28 17 0 0
28 79 0 0
28 157 0 0
28 12 0 0
28 154 0 0
28 53 0 0
29 33 1 0
29 77 1 0
29 124 1 4
29 69 1 0
29 163 1 4
29 152 1 1
29 39 1 1
29 60 1 0
29 14 1 1
29 162 1 1
29 21 1 1
29 38 1 1
29 51 1 1
29 143 1 1
29 30 1 1
30 102 1 0
30 51 1 1
30 21 1 1
30 152 1 1
30 33 1 0
30 60 1 0
30 69 1 0
30 14 1 1
30 77 1 0
30 162 1 1
30 143 1 1
30 1 1 1
30 29 1 1
30 6 1 0
30 38 1 1
31 2 4 2
31 145 4 2
31 98 4 4
31 97 4 4
31 95 4 2
31 124 4 4
31 8 4 4
31 108 4 2
31 50 4 4
31 162 4 1
31 163 4 4
31 39 4 1
31 27 4 4
31 20 4 4
31 83 4 4
32 105 0 0
32 107 0 0
32 53 0 0
32 25 0 0
32 121 0 0
32 146 0 0
32 157 0 0
32 44 0 0
32 122 0 4
32 17 0 0
32 72 0 0
32 28 0 0
32 12 0 0
32 154 0 0
32 19 0 4
33 57 0 0
33 60 0 0
33 6 0 0
33 77 0 0
33 130 0 0
33 131 0 0
33 42 0 0
33 52 0 0
33 54 0 0
33 64 0 0
33 85 0 0
33 86 0 0
33 102 0 0
33 134 0 1
33 69 0 0
34 69 0 0
34 138 0 0
34 33 0 0
34 49 0 0
34 102 0 0
34 52 0 0
34 86 0 0
34 54 0 0
34 131 0 0
34 42 0 0
34 64 0 0
34 133 0 0
34 134 0 1
34 130 0 0
34 85 0 0
35 167 3 3
35 90 3 3
35 112 3 3
35 156 3 3
35 147 3 3
35 155 3 3
35 36 3 3
35 94 3 3
35 129 3 3
35 58 3 3
35 164 3 3
35 4 3 3
35 80 3 3
35 148 3 3
35 81 3 3
36 167 3 3
36 90 3 3
36 46 3 3
36 127 3 3
36 94 3 3
36 112 3 3
36 156 3 3
36 81 3 3
36 129 3 3
36 148 3 3
36 155 3 3
36 164 3 3
36 35 3 3
36 80 3 3
36 147 3 3
37 148 3 3
37 80 3 3
37 11 3 3
37 156 3 3
37 128 3 3
37 149 3 3
37 90 3 3
37 126 3 3
37 125 3 3
37 110 3 3
37 58 3 3
37 4 3 3
37 165 3 3
37 81 3 3
37 87 3 3
38 39 1 1
38 52 1 0
38 77 1 0
38 163 1 4
38 162 1 1
38 69 1 0
38 14 1 1
38 143 1 1
38 21 1 1
38 29 1 1
38 152 1 1
38 1 1 1
38 51 1 1
38 60 1 0
38 30 1 1
39 113 1 4
39 118 1 5
39 96 1 4
39 63 1 4
39 74 1 5
39 20 1 4
39 75 1 5
39 70 1 0
39 83 1 4
39 8 1 4
39 163 1 4
39 162 1 1
39 124 1 4
39 97 1 4
39 98 1 4
40 17 5 0
40 59 5 4
40 159 5 3
40 135 5 2
40 124 5 4
40 168 5 5
40 160 5 5
40 75 5 5
40 73 5 5
40 48 5 5
40 71 5 5
40 118 5 5
40 82 5 5
40 65 5 5
40 74 5 5
41 120 0 3
41 66 0 3
41 91 0 3
41 158 0 3
41 24 0 3
41 109 0 3
41 116 0 3
41 115 0 3
41 88 0 3
41 5 0 3
41 137 0 3
41 92 0 3
41 166 0 3
41 111 0 3
41 62 0 3
42 133 0 0
42 134 0 1
42 57 0 0
42 34 0 0
42 49 0 0
42 131 0 0
42 52 0 0
42 138 0 0
42 54 0 0
42 85 0 0
42 64 0 0
42 130 0 0
42 33 0 0
42 102 0 0
42 86 0 0
43 166 3 3
43 46 3 3
43 137 3 3
43 120 3 3
43 116 3 3
43 5 3 3
43 47 3 3
43 109 3 3
43 23 3 3
43 24 3 3
43 92 3 3
43 10 3 3
43 66 3 3
43 136 3 3
43 158 3 3
44 32 0 0
44 146 0 0
44 168 0 5
44 154 0 0
44 157 0 0
44 53 0 0
44 121 0 0
44 161 0 0
44 67 0 0
44 19 0 4
44 17 0 0
44 72 0 0
44 100 0 0
44 140 0 0
44 105 0 0
45 139 2 2
45 141 2 2
45 66 2 3
45 142 2 2
45 23 2 3
45 13 2 2
45 68 2 2
45 18 2 2
45 151 2 2
45 26 2 2
45 145 2 2
45 135 2 2
45 76 2 2
45 2 2 2
45 55 2 2
46 125 3 3
46 156 3 3
46 3 3 3
46 36 3 3
46 81 3 3
46 24 3 3
46 120 3 3
46 35 3 3
46 116 3 3
46 10 3 3
46 92 3 3
46 164 3 3
46 158 3 3
46 90 3 3
46 80 3 3
47 37 3 3
47 109 3 3
47 120 3 3
47 156 3 3
47 165 3 3
47 158 3 3
47 55 3 2
47 43 3 3
47 90 3 3
47 11 3 3
47 58 3 3
47 125 3 3
47 136 3 3
47 66 3 3
47 10 3 3
48 98 5 4
48 2 5 2
48 39 5 1
48 168 5 5
48 65 5 5
48 159 5 3
48 160 5 5
48 135 5 2
48 73 5 5
48 74 5 5
48 75 5 5
48 82 5 5
48 124 5 4
48 118 5 5
48 40 5 5
49 57 0 0
49 134 0 1
49 69 0 0
49 64 0 0
49 6 0 0
49 86 0 0
49 130 0 0
49 85 0 0
49 54 0 0
49 42 0 0
49 34 0 0
49 33 0 0
49 131 0 0
49 102 0 0
49 52 0 0
50 113 4 4
50 28 4 0
50 72 4 0
50 163 4 4
50 83 4 4
50 107 4 0
50 146 4 0
50 17 4 0
50 27 4 4
50 53 4 0
50 96 4 4
50 123 4 4
50 122 4 4
50 44 4 0
50 168 4 5
51 134 1 1
51 102 1 0
51 77 1 0
51 162 1 1
51 143 1 1
51 52 1 0
51 33 1 0
51 14 1 1
51 60 1 0
51 38 1 1
51 69 1 0
51 29 1 1
51 21 1 1
51 152 1 1
51 30 1 1
52 133 0 0
52 138 0 0
52 34 0 0
52 64 0 0
52 54 0 0
52 49 0 0
52 130 0 0
52 69 0 0
52 85 0 0
52 42 0 0
52 86 0 0
52 33 0 0
52 102 0 0
52 131 0 0
52 134 0 1
53 50 0 4
53 105 0 0
53 121 0 0
53 146 0 0
53 157 0 0
53 12 0 0
53 17 0 0
53 19 0 4
53 28 0 0
53 67 0 0
53 140 0 0
53 107 0 0
53 44 0 0
53 154 0 0
53 72 0 0
54 34 0 0
54 84 0 0
54 85 0 0
54 134 0 1
54 86 0 0
54 64 0 0
54 57 0 0
54 102 0 0
54 52 0 0
54 130 0 0
54 42 0 0
54 131 0 0
54 33 0 0
54 6 0 0
54 138 0 0
55 119 2 2
55 95 2 2
55 145 2 2
55 66 2 3
55 2 2 2
55 142 2 2
55 45 2 2
55 135 2 2
55 23 2 3
55 26 2 2
55 68 2 2
55 76 2 2
55 18 2 2
55 13 2 2
55 151 2 2
56 63 0 4
56 107 0 0
56 105 0 0
56 168 0 5
56 44 0 0
56 140 0 0
56 53 0 0
56 17 0 0
56 161 0 0
56 67 0 0
56 114 0 2
56 16 0 0
56 70 0 0
56 72 0 0
56 6 0 0
57 77 0 0
57 33 0 0
57 52 0 0
57 6 0 0
57 134 0 1
57 131 0 0
57 86 0 0
57 84 0 0
57 130 0 0
57 138 0 0
57 54 0 0
57 42 0 0
57 64 0 0
57 102 0 0
57 85 0 0
58 158 3 3
58 129 3 3
58 167 3 3
58 11 3 3
58 94 3 3
58 147 3 3
58 80 3 3
58 156 3 3
58 35 3 3
58 10 3 3
58 164 3 3
58 81 3 3
58 4 3 3
58 112 3 3
58 90 3 3
59 118 4 5
59 113 4 4
59 72 4 0
59 27 4 4
59 17 4 0
59 93 4 4
59 123 4 4
59 63 4 4
59 168 4 5
59 98 4 4
59 150 4 0
59 70 4 0
59 78 4 0
59 96 4 4
59 75 4 5
60 64 0 0
60 21 0 1
60 117 0 0
60 152 0 1
60 51 0 1
60 33 0 0
60 52 0 0
60 143 0 1
60 69 0 0
60 77 0 0
60 85 0 0
60 86 0 0
60 134 0 1
60 102 0 0
60 6 0 0
61 80 3 3
61 116 3 3
61 94 3 3
61 164 3 3
61 129 3 3
61 148 3 3
61 155 3 3
61 111 3 3
61 115 3 3
61 112 3 3
61 127 3 3
61 88 3 3
61 91 3 3
61 167 3 3
61 9 3 3
62 49 3 0
62 42 3 0
62 24 3 3
62 111 3 3
62 151 3 2
62 66 3 3
62 159 3 3
62 22 3 2
62 109 3 3
62 13 3 2
62 23 3 3
62 166 3 3
62 41 3 0
62 5 3 3
62 137 3 3
63 114 4 2
63 168 4 5
63 150 4 0
63 39 4 1
63 140 4 0
63 59 4 4
63 113 4 4
63 70 4 0
63 98 4 4
63 97 4 4
63 96 4 4
63 75 4 5
63 93 4 4
63 78 4 0
63 49 4 0
64 34 0 0
64 52 0 0
64 6 0 0
64 84 0 0
64 134 0 1
64 57 0 0
64 54 0 0
64 85 0 0
64 86 0 0
64 102 0 0
64 42 0 0
64 130 0 0
64 33 0 0
64 131 0 0
64 138 0 0
65 98 5 4
65 75 5 5
65 168 5 5
65 2 5 2
65 135 5 2
65 39 5 1
65 40 5 5
65 160 5 5
65 118 5 5
65 73 5 5
65 74 5 5
65 124 5 4
65 82 5 5
65 48 5 5
65 159 5 3
66 76 3 2
66 159 3 3
66 10 3 3
66 92 3 3
66 120 3 3
66 166 3 3
66 55 3 2
66 151 3 2
66 24 3 3
66 5 3 3
66 109 3 3
66 43 3 3
66 13 3 2
66 137 3 3
66 23 3 3
67 53 0 0
67 54 0 0
67 102 0 0
67 42 0 0
67 130 0 0
67 16 0 0
67 86 0 0
67 52 0 0
67 161 0 0
67 44 0 0
67 105 0 0
67 133 0 0
67 131 0 0
67 85 0 0
67 140 0 0
68 119 2 2
68 141 2 2
68 66 2 3
68 145 2 2
68 135 2 2
68 142 2 2
68 26 2 2
68 2 2 2
68 23 2 3
68 151 2 2
68 13 2 2
68 18 2 2
68 45 2 2
68 76 2 2
68 55 2 2
69 138 0 0
69 131 0 0
69 64 0 0
69 130 0 0
69 86 0 0
69 54 0 0
69 42 0 0
69 77 0 0
69 85 0 0
69 60 0 0
69 134 0 1
69 52 0 0
69 102 0 0
69 6 0 0
69 33 0 0
70 52 0 0
70 72 0 0
70 150 0 0
70 96 0 4
70 49 0 0
70 97 0 4
70 98 0 4
70 75 0 5
70 63 0 4
70 113 0 4
70 39 0 1
70 123 0 4
70 59 0 4
70 78 0 0
70 17 0 0
71 48 5 5
71 74 5 5
71 82 5 5
71 25 5 0
71 72 5 0
71 101 5 0
71 104 5 0
71 160 5 5
71 100 5 0
71 118 5 5
71 106 5 0
71 79 5 0
71 157 5 0
71 154 5 0
71 40 5 5
72 168 0 5
72 154 0 0
72 28 0 0
72 53 0 0
72 157 0 0
72 122 0 4
72 19 0 4
72 44 0 0
72 161 0 0
72 121 0 0
72 117 0 0
72 12 0 0
72 105 0 0
72 100 0 0
72 17 0 0
73 17 5 0
73 39 5 1
73 2 5 2
73 168 5 5
73 72 5 0
73 159 5 3
73 160 5 5
73 74 5 5
73 75 5 5
73 118 5 5
73 135 5 2
73 82 5 5
73 40 5 5
73 65 5 5
73 48 5 5
74 46 5 3
74 2 5 2
74 151 5 2
74 82 5 5
74 73 5 5
74 65 5 5
74 159 5 3
74 135 5 2
74 39 5 1
74 75 5 5
74 97 5 4
74 40 5 5
74 48 5 5
74 160 5 5
74 118 5 5
75 96 5 4
75 40 5 5
75 82 5 5
75 73 5 5
75 70 5 0
75 150 5 0
75 160 5 5
75 97 5 4
75 74 5 5
75 39 5 1
75 113 5 4
75 118 5 5
75 63 5 4
75 59 5 4
75 78 5 0
76 22 2 2
76 159 2 3
76 95 2 2
76 2 2 2
76 145 2 2
76 45 2 2
76 68 2 2
76 55 2 2
76 135 2 2
76 142 2 2
76 23 2 3
76 26 2 2
76 13 2 2
76 18 2 2
76 151 2 2
77 84 0 0
77 52 0 0
77 54 0 0
77 42 0 0
77 57 0 0
77 60 0 0
77 33 0 0
77 64 0 0
77 69 0 0
77 134 0 1
77 85 0 0
77 86 0 0
77 102 0 0
77 6 0 0
77 117 0 0
78 83 0 4
78 93 0 4
78 123 0 4
78 97 0 4
78 75 0 5
78 63 0 4
78 168 0 5
78 17 0 0
78 150 0 0
78 27 0 4
78 113 0 4
78 59 0 4
78 98 0 4
78 96 0 4
78 70 0 0
79 71 0 5
79 15 0 0
79 32 0 0
79 17 0 0
79 146 0 0
79 101 0 0
79 72 0 0
79 105 0 0
79 100 0 0
79 106 0 0
79 154 0 0
79 157 0 0
79 104 0 0
79 12 0 0
79 28 0 0
80 46 3 3
80 94 3 3
80 112 3 3
80 58 3 3
80 90 3 3
80 156 3 3
80 155 3 3
80 36 3 3
80 35 3 3
80 148 3 3
80 147 3 3
80 164 3 3
80 4 3 3
80 81 3 3
80 129 3 3
81 11 3 3
81 94 3 3
81 155 3 3
81 129 3 3
81 112 3 3
81 90 3 3
81 148 3 3
81 147 3 3
81 36 3 3
81 164 3 3
81 35 3 3
81 4 3 3
81 58 3 3
81 80 3 3
81 156 3 3
82 97 5 4
82 135 5 2
82 73 5 5
82 75 5 5
82 2 5 2
82 65 5 5
82 159 5 3
82 71 5 5
82 39 5 1
82 118 5 5
82 124 5 4
82 40 5 5
82 74 5 5
82 48 5 5
82 160 5 5
83 8 4 4
83 96 4 4
83 44 4 0
83 70 4 0
83 108 4 2
83 50 4 4
83 53 4 0
83 168 4 5
83 20 4 4
83 39 4 1
83 163 4 4
83 124 4 4
83 98 4 4
83 97 4 4
83 78 4 0
84 153 0 0
84 86 0 0
84 131 0 0
84 99 0 0
84 33 0 0
84 42 0 0
84 138 0 0
84 117 0 0
84 130 0 0
84 64 0 0
84 57 0 0
84 54 0 0
84 85 0 0
84 102 0 0
84 6 0 0
85 69 0 0
85 57 0 0
85 84 0 0
85 134 0 1
85 64 0 0
85 86 0 0
85 54 0 0
85 102 0 0
85 52 0 0
85 130 0 0
85 42 0 0
85 131 0 0
85 33 0 0
85 6 0 0
85 138 0 0
86 57 0 0
86 153 0 0
86 134 0 1
86 64 0 0
86 85 0 0
86 54 0 0
86 52 0 0
86 102 0 0
86 105 0 0
86 42 0 0
86 34 0 0
86 33 0 0
86 130 0 0
86 131 0 0
86 138 0 0
87 156 3 3
87 35 3 3
87 37 3 3
87 128 3 3
87 80 3 3
87 165 3 3
87 58 3 3
87 81 3 3
87 11 3 3
87 126 3 3
87 110 3 3
87 125 3 3
87 4 3 3
87 149 3 3
87 90 3 3
88 164 3 3
88 155 3 3
88 148 3 3
88 166 3 3
88 112 3 3
88 120 3 3
88 127 3 3
88 111 3 3
88 115 3 3
88 116 3 3
88 91 3 3
88 61 3 3
88 129 3 3
88 167 3 3
88 9 3 3
89 95 2 2
89 66 2 3
89 47 2 3
89 18 2 2
89 7 2 2
89 119 2 2
89 135 2 2
89 151 2 2
89 141 2 2
89 76 2 2
89 68 2 2
89 142 2 2
89 45 2 2
89 55 2 2
89 2 2 2
90 37 3 3
90 126 3 3
90 46 3 3
90 164 3 3
90 110 3 3
90 11 3 3
90 4 3 3
90 35 3 3
90 58 3 3
90 125 3 3
90 87 3 3
90 165 3 3
90 156 3 3
90 81 3 3
90 80 3 3
91 10 3 3
91 167 3 3
91 112 3 3
91 46 3 3
91 166 3 3
91 120 3 3
91 24 3 3
91 3 3 3
91 9 3 3
91 116 3 3
91 115 3 3
91 164 3 3
91 111 3 3
91 61 3 3
91 88 3 3
92 136 3 3
92 58 3 3
92 66 3 3
92 5 3 3
92 158 3 3
92 3 3 3
92 46 3 3
92 24 3 3
92 10 3 3
92 109 3 3
92 137 3 3
92 43 3 3
92 166 3 3
92 116 3 3
92 120 3 3
93 122 4 4
93 168 4 5
93 96 4 4
93 150 4 0
93 98 4 4
93 78 4 0
93 103 4 0
93 75 4 5
93 63 4 4
93 113 4 4
93 59 4 4
93 17 4 0
93 123 4 4
93 70 4 0
93 27 4 4
94 10 3 3
94 4 3 3
94 58 3 3
94 127 3 3
94 81 3 3
94 147 3 3
94 148 3 3
94 112 3 3
94 156 3 3
94 129 3 3
94 155 3 3
94 164 3 3
94 80 3 3
94 167 3 3
94 35 3 3
95 119 2 2
95 22 2 2
95 23 2 3
95 159 2 3
95 139 2 2
95 135 2 2
95 76 2 2
95 13 2 2
95 18 2 2
95 145 2 2
95 26 2 2
95 142 2 2
95 55 2 2
95 2 2 2
95 151 2 2
96 163 4 4
96 168 4 5
96 75 4 5
96 50 4 4
96 122 4 4
96 63 4 4
96 123 4 4
96 27 4 4
96 98 4 4
96 97 4 4
96 70 4 0
96 59 4 4
96 150 4 0
96 78 4 0
96 113 4 4
97 69 4 0
97 74 4 5
97 150 4 0
97 96 4 4
97 27 4 4
97 83 4 4
97 63 4 4
97 113 4 4
97 78 4 0
97 162 4 1
97 39 4 1
97 98 4 4
97 70 4 0
97 75 4 5
97 124 4 4
98 162 4 1
98 96 4 4
98 123 4 4
98 8 4 4
98 150 4 0
98 59 4 4
98 63 4 4
98 124 4 4
98 113 4 4
98 70 4 0
98 163 4 4
98 27 4 4
98 97 4 4
98 39 4 1
98 78 4 0
99 33 0 0
99 42 0 0
99 102 0 0
99 100 0 0
99 85 0 0
99 117 0 0
99 153 0 0
99 77 0 0
99 69 0 0
99 64 0 0
99 130 0 0
99 54 0 0
99 138 0 0
99 6 0 0
99 84 0 0
100 57 0 0
100 106 0 0
100 44 0 0
100 117 0 0
100 157 0 0
100 130 0 0
100 86 0 0
100 85 0 0
100 17 0 0
100 72 0 0
100 161 0 0
100 102 0 0
100 101 0 0
100 138 0 0
100 105 0 0
101 54 0 0
101 104 0 0
101 153 0 0
101 86 0 0
101 42 0 0
101 131 0 0
101 85 0 0
101 64 0 0
101 105 0 0
101 130 0 0
101 15 0 0
101 138 0 0
101 100 0 0
101 102 0 0
101 0 0 0
102 57 0 0
102 6 0 0
102 84 0 0
102 85 0 0
102 134 0 1
102 69 0 0
102 64 0 0
102 86 0 0
102 54 0 0
102 52 0 0
102 42 0 0
102 130 0 0
102 33 0 0
102 131 0 0
102 138 0 0
103 72 0 0
103 154 0 0
103 150 0 0
103 122 0 4
103 157 0 0
103 146 0 0
103 79 0 0
103 93 0 4
103 100 0 0
103 101 0 0
103 104 0 0
103 17 0 0
103 106 0 0
103 12 0 0
103 168 0 5
104 102 0 0
104 17 0 0
104 72 0 0
104 153 0 0
104 157 0 0
104 154 0 0
104 79 0 0
104 100 0 0
104 101 0 0
104 103 0 0
104 105 0 0
104 15 0 0
104 12 0 0
104 106 0 0
104 0 0 0
105 140 0 0
105 17 0 0
105 67 0 0
105 101 0 0
105 72 0 0
105 44 0 0
105 52 0 0
105 138 0 0
105 161 0 0
105 102 0 0
105 100 0 0
105 131 0 0
105 130 0 0
105 86 0 0
105 85 0 0
106 146 0 0
106 153 0 0
106 161 0 0
106 103 0 0
106 28 0 0
106 101 0 0
106 157 0 0
106 105 0 0
106 72 0 0
106 100 0 0
106 17 0 0
106 154 0 0
106 12 0 0
106 79 0 0
106 104 0 0
107 50 0 4
107 12 0 0
107 28 0 0
107 32 0 0
107 19 0 4
107 121 0 0
107 72 0 0
107 44 0 0
107 144 0 0
107 17 0 0
107 146 0 0
107 53 0 0
107 122 0 4
107 157 0 0
107 154 0 0
108 13 2 2
108 68 2 2
108 124 2 4
108 76 2 2
108 139 2 2
108 39 2 1
108 18 2 2
108 119 2 2
108 162 2 1
108 20 2 4
108 2 2 2
108 151 2 2
108 55 2 2
108 142 2 2
108 26 2 2
109 46 3 3
109 137 3 3
109 92 3 3
109 10 3 3
109 23 3 3
109 158 3 3
109 120 3 3
109 13 3 2
109 111 3 3
109 116 3 3
109 24 3 3
109 43 3 3
109 5 3 3
109 166 3 3
109 66 3 3
110 136 3 3
110 156 3 3
110 58 3 3
110 11 3 3
110 4 3 3
110 80 3 3
110 126 3 3
110 81 3 3
110 37 3 3
110 87 3 3
110 149 3 3
110 165 3 3
110 90 3 3
110 128 3 3
110 125 3 3
111 24 3 3
111 112 3 3
111 109 3 3
111 61 3 3
111 10 3 3
111 158 3 3
111 5 3 3
111 115 3 3
111 116 3 3
111 120 3 3
111 88 3 3
111 91 3 3
111 166 3 3
111 167 3 3
111 9 3 3
112 127 3 3
112 10 3 3
112 81 3 3
112 156 3 3
112 158 3 3
112 147 3 3
112 94 3 3
112 58 3 3
112 148 3 3
112 80 3 3
112 164 3 3
112 35 3 3
112 129 3 3
112 167 3 3
112 155 3 3
113 124 4 4
113 93 4 4
113 123 4 4
113 39 4 1
113 97 4 4
113 150 4 0
113 27 4 4
113 75 4 5
113 163 4 4
113 59 4 4
113 98 4 4
113 96 4 4
113 78 4 0
113 70 4 0
113 63 4 4
114 160 2 5
114 17 2 0
114 124 2 4
114 163 2 4
114 78 2 0
114 75 2 5
114 118 2 5
114 96 2 4
114 8 2 4
114 123 2 4
114 59 2 4
114 168 2 5
114 70 2 0
114 63 2 4
114 56 2 0
115 120 3 3
115 58 3 3
115 164 3 3
115 158 3 3
115 9 3 3
115 155 3 3
115 129 3 3
115 88 3 3
115 61 3 3
115 91 3 3
115 116 3 3
115 111 3 3
115 166 3 3
115 167 3 3
115 112 3 3
116 155 3 3
116 109 3 3
116 58 3 3
116 46 3 3
116 91 3 3
116 88 3 3
116 24 3 3
116 167 3 3
116 3 3 3
116 166 3 3
116 111 3 3
116 10 3 3
116 120 3 3
116 158 3 3
116 92 3 3
117 60 0 0
117 69 0 0
117 100 0 0
117 77 0 0
117 64 0 0
117 42 0 0
117 33 0 0
117 130 0 0
117 161 0 0
117 85 0 0
117 86 0 0
117 138 0 0
117 102 0 0
117 6 0 0
117 84 0 0
118 159 5 3
118 97 5 4
118 168 5 5
118 48 5 5
118 124 5 4
118 39 5 1
118 160 5 5
118 59 5 4
118 65 5 5
118 82 5 5
118 40 5 5
118 75 5 5
118 74 5 5
118 73 5 5
118 135 5 2
119 45 2 2
119 13 2 2
119 142 2 2
119 89 2 2
119 55 2 2
119 7 2 2
119 95 2 2
119 135 2 2
119 76 2 2
119 26 2 2
119 2 2 2
119 18 2 2
119 151 2 2
119 68 2 2
119 108 2 2
120 81 3 3
120 46 3 3
120 66 3 3
120 111 3 3
120 166 3 3
120 158 3 3
120 136 3 3
120 43 3 3
120 109 3 3
120 24 3 3
120 58 3 3
120 112 3 3
120 92 3 3
120 116 3 3
120 10 3 3
121 100 0 0
121 105 0 0
121 122 0 4
121 146 0 0
121 107 0 0
121 25 0 0
121 32 0 0
121 53 0 0
121 168 0 5
121 44 0 0
121 19 0 4
121 17 0 0
121 157 0 0
121 72 0 0
121 154 0 0
122 50 4 4
122 27 4 4
122 96 4 4
122 44 4 0
122 32 4 0
122 121 4 0
122 107 4 0
122 19 4 4
122 168 4 5
122 17 4 0
122 123 4 4
122 157 4 0
122 154 4 0
122 146 4 0
122 72 4 0
123 124 4 4
123 78 4 0
123 98 4 4
123 72 4 0
123 146 4 0
123 70 4 0
123 50 4 4
123 168 4 5
123 93 4 4
123 96 4 4
123 150 4 0
123 17 4 0
123 59 4 4
123 122 4 4
123 27 4 4
124 70 4 0
124 108 4 2
124 48 4 5
124 65 4 5
124 168 4 5
124 123 4 4
124 8 4 4
124 20 4 4
124 162 4 1
124 163 4 4
124 97 4 4
124 98 4 4
124 118 4 5
124 39 4 1
124 83 4 4
125 35 3 3
125 120 3 3
125 58 3 3
125 46 3 3
125 80 3 3
125 110 3 3
125 81 3 3
125 47 3 3
125 37 3 3
125 136 3 3
125 90 3 3
125 87 3 3
125 165 3 3
125 156 3 3
125 11 3 3
126 35 3 3
126 80 3 3
126 11 3 3
126 156 3 3
126 165 3 3
126 125 3 3
126 4 3 3
126 87 3 3
126 58 3 3
126 90 3 3
126 149 3 3
126 128 3 3
126 37 3 3
126 110 3 3
126 81 3 3
127 36 3 3
127 88 3 3
127 155 3 3
127 156 3 3
127 147 3 3
127 94 3 3
127 148 3 3
127 81 3 3
127 80 3 3
127 35 3 3
127 164 3 3
127 61 3 3
127 112 3 3
127 167 3 3
127 129 3 3
128 35 3 3
128 80 3 3
128 125 3 3
128 148 3 3
128 156 3 3
128 165 3 3
128 4 3 3
128 58 3 3
128 149 3 3
128 110 3 3
128 126 3 3
128 81 3 3
128 87 3 3
128 37 3 3
128 90 3 3
129 58 3 3
129 4 3 3
129 36 3 3
129 167 3 3
129 94 3 3
129 156 3 3
129 81 3 3
129 35 3 3
129 80 3 3
129 127 3 3
129 164 3 3
129 112 3 3
129 148 3 3
129 147 3 3
129 155 3 3
130 34 0 0
130 57 0 0
130 134 0 1
130 84 0 0
130 6 0 0
130 52 0 0
130 33 0 0
130 64 0 0
130 131 0 0
130 86 0 0
130 42 0 0
130 138 0 0
130 54 0 0
130 102 0 0
130 85 0 0
131 49 0 0
131 6 0 0
131 138 0 0
131 86 0 0
131 133 0 0
131 102 0 0
131 134 0 1
131 33 0 0
131 34 0 0
131 42 0 0
131 52 0 0
131 130 0 0
131 54 0 0
131 64 0 0
131 85 0 0
132 6 0 0
132 15 0 0
132 153 0 0
132 130 0 0
132 0 0 0
132 138 0 0
132 102 0 0
132 101 0 0
132 100 0 0
132 86 0 0
132 64 0 0
132 57 0 0
132 54 0 0
132 42 0 0
132 84 0 0
133 138 0 0
133 102 0 0
133 33 0 0
133 54 0 0
133 130 0 0
133 34 0 0
133 64 0 0
133 67 0 0
133 42 0 0
133 134 0 1
133 85 0 0
133 86 0 0
133 140 0 0
133 52 0 0
133 131 0 0
134 138 1 0
134 69 1 0
134 131 1 0
134 64 1 0
134 77 1 0
134 54 1 0
134 52 1 0
134 85 1 0
134 86 1 0
134 42 1 0
134 34 1 0
134 33 1 0
134 133 1 0
134 130 1 0
134 102 1 0
135 22 2 2
135 119 2 2
135 18 2 2
135 13 2 2
135 45 2 2
135 151 2 2
135 159 2 3
135 23 2 3
135 26 2 2
135 145 2 2
135 55 2 2
135 76 2 2
135 68 2 2
135 142 2 2
135 2 2 2
136 110 3 3
136 46 3 3
136 109 3 3
136 66 3 3
136 92 3 3
136 43 3 3
136 81 3 3
136 11 3 3
136 125 3 3
136 10 3 3
136 58 3 3
136 158 3 3
136 90 3 3
136 116 3 3
136 120 3 3
137 120 3 3
137 62 3 3
137 43 3 3
137 116 3 3
137 109 3 3
137 158 3 3
137 159 3 3
137 23 3 3
137 5 3 3
137 24 3 3
137 13 3 2
137 66 3 3
137 92 3 3
137 166 3 3
137 10 3 3
138 134 0 1
138 117 0 0
138 100 0 0
138 84 0 0
138 57 0 0
138 6 0 0
138 131 0 0
138 153 0 0
138 85 0 0
138 54 0 0
138 64 0 0
138 42 0 0
138 86 0 0
138 102 0 0
138 130 0 0
139 98 2 4
139 22 2 2
139 108 2 2
139 23 2 3
139 45 2 2
139 151 2 2
139 145 2 2
139 135 2 2
139 55 2 2
139 162 2 1
139 18 2 2
139 95 2 2
139 13 2 2
139 26 2 2
139 76 2 2
140 70 0 0
140 130 0 0
140 134 0 1
140 53 0 0
140 85 0 0
140 105 0 0
140 86 0 0
140 16 0 0
140 161 0 0
140 44 0 0
140 56 0 0
140 131 0 0
140 67 0 0
140 133 0 0
140 52 0 0
141 26 2 2
141 142 2 2
141 43 2 3
141 145 2 2
141 89 2 2
141 135 2 2
141 2 2 2
141 76 2 2
141 151 2 2
141 45 2 2
141 55 2 2
141 68 2 2
141 23 2 3
141 66 2 3
141 13 2 2
142 66 2 3
142 45 2 2
142 22 2 2
142 95 2 2
142 145 2 2
142 26 2 2
142 13 2 2
142 76 2 2
142 68 2 2
142 151 2 2
142 18 2 2
142 55 2 2
142 23 2 3
142 2 2 2
142 135 2 2
143 51 1 1
143 30 1 1
143 77 1 0
143 6 1 0
143 70 1 0
143 86 1 0
143 131 1 0
143 85 1 0
143 162 1 1
143 49 1 0
143 33 1 0
143 69 1 0
143 102 1 0
143 52 1 0
143 60 1 0
144 161 0 0
144 6 0 0
144 121 0 0
144 17 0 0
144 19 0 4
144 117 0 0
144 84 0 0
144 44 0 0
144 157 0 0
144 32 0 0
144 25 0 0
144 122 0 4
144 107 0 0
144 146 0 0
144 154 0 0
145 22 2 2
145 2 2 2
145 68 2 2
145 142 2 2
145 135 2 2
145 18 2 2
145 159 2 3
145 95 2 2
145 76 2 2
145 151 2 2
145 13 2 2
145 26 2 2
145 55 2 2
145 45 2 2
145 23 2 3
146 79 0 0
146 53 0 0
146 32 0 0
146 72 0 0
146 157 0 0
146 28 0 0
146 44 0 0
146 154 0 0
146 122 0 4
146 19 0 4
146 17 0 0
146 107 0 0
146 12 0 0
146 123 0 4
146 168 0 5
147 127 3 3
147 4 3 3
147 58 3 3
147 156 3 3
147 167 3 3
147 94 3 3
147 35 3 3
147 148 3 3
147 80 3 3
147 155 3 3
147 36 3 3
147 164 3 3
147 129 3 3
147 112 3 3
147 81 3 3
148 58 3 3
148 4 3 3
148 36 3 3
148 167 3 3
148 81 3 3
148 156 3 3
148 35 3 3
148 94 3 3
148 155 3 3
148 147 3 3
148 127 3 3
148 164 3 3
148 80 3 3
148 129 3 3
148 112 3 3
149 80 3 3
149 136 3 3
149 81 3 3
149 128 3 3
149 126 3 3
149 125 3 3
149 90 3 3
149 11 3 3
149 58 3 3
149 87 3 3
149 4 3 3
149 165 3 3
149 120 3 3
149 110 3 3
149 37 3 3
150 103 0 0
150 97 0 4
150 17 0 0
150 113 0 4
150 96 0 4
150 70 0 0
150 63 0 4
150 75 0 5
150 168 0 5
150 93 0 4
150 59 0 4
150 27 0 4
150 98 0 4
150 78 0 0
150 123 0 4
151 45 2 2
151 66 2 3
151 159 2 3
151 68 2 2
151 95 2 2
151 142 2 2
151 2 2 2
151 145 2 2
151 23 2 3
151 55 2 2
151 76 2 2
151 13 2 2
151 18 2 2
151 26 2 2
151 135 2 2
152 33 1 0
152 52 1 0
152 39 1 1
152 143 1 1
152 1 1 1
152 162 1 1
152 29 1 1
152 14 1 1
152 77 1 0
152 69 1 0
152 60 1 0
152 51 1 1
152 21 1 1
152 30 1 1
152 38 1 1
153 131 0 0
153 6 0 0
153 105 0 0
153 33 0 0
153 15 0 0
153 84 0 0
153 101 0 0
153 86 0 0
153 85 0 0
153 64 0 0
153 54 0 0
153 42 0 0
153 102 0 0
153 130 0 0
153 138 0 0
154 100 0 0
154 121 0 0
154 122 0 4
154 105 0 0
154 12 0 0
154 44 0 0
154 107 0 0
154 53 0 0
154 146 0 0
154 106 0 0
154 28 0 0
154 17 0 0
154 72 0 0
154 79 0 0
154 157 0 0
155 4 3 3
155 58 3 3
155 36 3 3
155 81 3 3
155 156 3 3
155 147 3 3
155 127 3 3
155 112 3 3
155 35 3 3
155 148 3 3
155 164 3 3
155 80 3 3
155 129 3 3
155 167 3 3
155 94 3 3
156 36 3 3
156 148 3 3
156 155 3 3
156 147 3 3
156 80 3 3
156 81 3 3
156 112 3 3
156 58 3 3
156 90 3 3
156 129 3 3
156 164 3 3
156 125 3 3
156 35 3 3
156 94 3 3
156 4 3 3
157 122 0 4
157 25 0 0
157 12 0 0
157 121 0 0
157 100 0 0
157 106 0 0
157 44 0 0
157 32 0 0
157 107 0 0
157 28 0 0
157 146 0 0
157 154 0 0
157 17 0 0
157 72 0 0
157 79 0 0
158 166 3 3
158 109 3 3
158 155 3 3
158 3 3 3
158 167 3 3
158 58 3 3
158 24 3 3
158 35 3 3
158 92 3 3
158 116 3 3
158 120 3 3
158 164 3 3
158 10 3 3
158 46 3 3
158 112 3 3
159 18 3 2
159 142 3 2
159 109 3 3
159 26 3 2
159 23 3 3
159 74 3 5
159 137 3 3
159 151 3 2
159 135 3 2
159 22 3 2
159 66 3 3
159 76 3 2
159 13 3 2
159 145 3 2
159 55 3 2
160 97 5 4
160 39 5 1
160 2 5 2
160 124 5 4
160 135 5 2
160 159 5 3
160 82 5 5
160 75 5 5
160 74 5 5
160 73 5 5
160 71 5 5
160 65 5 5
160 40 5 5
160 118 5 5
160 48 5 5
161 64 0 0
161 67 0 0
161 72 0 0
161 52 0 0
161 85 0 0
161 44 0 0
161 86 0 0
161 100 0 0
161 102 0 0
161 105 0 0
161 138 0 0
161 117 0 0
161 130 0 0
161 6 0 0
161 131 0 0
162 21 1 1
162 60 1 0
162 20 1 4
162 145 1 2
162 143 1 1
162 39 1 1
162 139 1 2
162 97 1 4
162 69 1 0
162 163 1 4
162 98 1 4
162 29 1 1
162 30 1 1
162 124 1 4
162 51 1 1
163 29 4 1
163 50 4 4
163 123 4 4
163 96 4 4
163 20 4 4
163 97 4 4
163 78 4 0
163 83 4 4
163 70 4 0
163 162 4 1
163 39 4 1
163 113 4 4
163 124 4 4
163 98 4 4
163 8 4 4
164 4 3 3
164 36 3 3
164 167 3 3
164 158 3 3
164 58 3 3
164 155 3 3
164 112 3 3
164 94 3 3
164 81 3 3
164 147 3 3
164 148 3 3
164 80 3 3
164 35 3 3
164 129 3 3
164 156 3 3
165 136 3 3
165 128 3 3
165 37 3 3
165 126 3 3
165 4 3 3
165 156 3 3
165 35 3 3
165 110 3 3
165 80 3 3
165 90 3 3
165 11 3 3
165 87 3 3
165 125 3 3
165 81 3 3
165 58 3 3
166 3 3 3
166 66 3 3
166 10 3 3
166 111 3 3
166 24 3 3
166 158 3 3
166 88 3 3
166 120 3 3
166 91 3 3
166 43 3 3
166 116 3 3
166 92 3 3
166 109 3 3
166 137 3 3
166 5 3 3
167 115 3 3
167 10 3 3
167 61 3 3
167 158 3 3
167 147 3 3
167 116 3 3
167 58 3 3
167 164 3 3
167 9 3 3
167 148 3 3
167 94 3 3
167 35 3 3
167 155 3 3
167 129 3 3
167 112 3 3
168 50 5 4
168 96 5 4
168 124 5 4
168 154 5 0
168 17 5 0
168 121 5 0
168 72 5 0
168 19 5 4
168 44 5 0
168 78 5 0
168 103 5 0
168 122 5 4
168 123 5 4
168 150 5 0
168 59 5 4
